3.768600000000000136e+02
3.818700000000000045e+02
3.868799999999999955e+02
3.918899999999999864e+02
3.968899999999999864e+02
4.018999999999999773e+02
4.069100000000000250e+02
4.119200000000000159e+02
4.169300000000000068e+02
4.219399999999999977e+02
4.269499999999999886e+02
4.319599999999999795e+02
4.369599999999999795e+02
4.419700000000000273e+02
4.469800000000000182e+02
4.519900000000000091e+02
4.570000000000000000e+02
4.620099999999999909e+02
4.670199999999999818e+02
4.720199999999999818e+02
4.770299999999999727e+02
4.820400000000000205e+02
4.870500000000000114e+02
4.920600000000000023e+02
4.970699999999999932e+02
5.020799999999999841e+02
5.070899999999999750e+02
5.120900000000000318e+02
5.171000000000000227e+02
5.221100000000000136e+02
5.271200000000000045e+02
5.321299999999999955e+02
5.371399999999999864e+02
5.421499999999999773e+02
5.471499999999999773e+02
5.521599999999999682e+02
5.571699999999999591e+02
5.621799999999999500e+02
5.671900000000000546e+02
5.722000000000000455e+02
5.772100000000000364e+02
5.822200000000000273e+02
5.872200000000000273e+02
5.922300000000000182e+02
5.972400000000000091e+02
6.022500000000000000e+02
6.072599999999999909e+02
6.122699999999999818e+02
6.172799999999999727e+02
6.222799999999999727e+02
6.272899999999999636e+02
6.322999999999999545e+02
6.373099999999999454e+02
6.423200000000000500e+02
6.473300000000000409e+02
6.523400000000000318e+02
6.573500000000000227e+02
6.623500000000000227e+02
6.673600000000000136e+02
6.723700000000000045e+02
6.773799999999999955e+02
6.823899999999999864e+02
6.873999999999999773e+02
6.924099999999999682e+02
6.974099999999999682e+02
7.024199999999999591e+02
7.074299999999999500e+02
7.124400000000000546e+02
7.174500000000000455e+02
7.224600000000000364e+02
7.274700000000000273e+02
7.324800000000000182e+02
7.374800000000000182e+02
7.424900000000000091e+02
7.475000000000000000e+02
7.525099999999999909e+02
7.575199999999999818e+02
7.625299999999999727e+02
7.675399999999999636e+02
7.725399999999999636e+02
7.775499999999999545e+02
7.825599999999999454e+02
7.875700000000000500e+02
7.925800000000000409e+02
7.975900000000000318e+02
8.026000000000000227e+02
8.076100000000000136e+02
8.126100000000000136e+02
8.176200000000000045e+02
8.226299999999999955e+02
8.276399999999999864e+02
8.326499999999999773e+02
8.376599999999999682e+02
8.426699999999999591e+02
8.476699999999999591e+02
8.526799999999999500e+02
8.576900000000000546e+02
8.627000000000000455e+02
8.677100000000000364e+02
8.727200000000000273e+02
8.777300000000000182e+02
8.827400000000000091e+02
8.877400000000000091e+02
8.927500000000000000e+02
8.977599999999999909e+02
9.027699999999999818e+02
9.077799999999999727e+02
9.127899999999999636e+02
9.177999999999999545e+02
9.228099999999999454e+02
9.278099999999999454e+02
9.328200000000000500e+02
9.378300000000000409e+02
9.428400000000000318e+02
9.478500000000000227e+02
9.528600000000000136e+02
9.578700000000000045e+02
9.628700000000000045e+02
9.678799999999999955e+02
9.728899999999999864e+02
9.778999999999999773e+02
9.829099999999999682e+02
9.879199999999999591e+02
9.929299999999999500e+02
9.979400000000000546e+02
1.002940000000000055e+03
1.007950000000000045e+03
1.012960000000000036e+03
1.017970000000000027e+03
1.022980000000000018e+03
1.027990000000000009e+03
1.033000000000000000e+03
1.038000000000000000e+03
1.043009999999999991e+03
1.048019999999999982e+03
1.053029999999999973e+03
1.058039999999999964e+03
1.063049999999999955e+03
1.068059999999999945e+03
1.073069999999999936e+03
1.078069999999999936e+03
1.083079999999999927e+03
1.088089999999999918e+03
1.093099999999999909e+03
1.098109999999999900e+03
1.103119999999999891e+03
1.108130000000000109e+03
1.113130000000000109e+03
1.118140000000000100e+03
1.123150000000000091e+03
1.128160000000000082e+03
1.133170000000000073e+03
1.138180000000000064e+03
1.143190000000000055e+03
1.148200000000000045e+03
1.153200000000000045e+03
1.158210000000000036e+03
1.163220000000000027e+03
1.168230000000000018e+03
1.173240000000000009e+03
1.178250000000000000e+03
1.183259999999999991e+03
1.188259999999999991e+03
1.193269999999999982e+03
1.198279999999999973e+03
1.203289999999999964e+03
1.208299999999999955e+03
1.213309999999999945e+03
1.218319999999999936e+03
1.223329999999999927e+03
1.228329999999999927e+03
1.233339999999999918e+03
1.238349999999999909e+03
1.243359999999999900e+03
1.248369999999999891e+03
1.253380000000000109e+03
1.258390000000000100e+03
1.263390000000000100e+03
1.268400000000000091e+03
1.273410000000000082e+03
1.278420000000000073e+03
1.283430000000000064e+03
1.288440000000000055e+03
1.293450000000000045e+03
1.298460000000000036e+03
1.303460000000000036e+03
1.308470000000000027e+03
1.313480000000000018e+03
1.318490000000000009e+03
1.323500000000000000e+03
1.328509999999999991e+03
1.333519999999999982e+03
1.338519999999999982e+03
1.343529999999999973e+03
1.348539999999999964e+03
1.353549999999999955e+03
1.358559999999999945e+03
1.363569999999999936e+03
1.368579999999999927e+03
1.373589999999999918e+03
1.378589999999999918e+03
1.383599999999999909e+03
1.388609999999999900e+03
1.393619999999999891e+03
1.398630000000000109e+03
1.403640000000000100e+03
1.408650000000000091e+03
1.413650000000000091e+03
1.418660000000000082e+03
1.423670000000000073e+03
1.428680000000000064e+03
1.433690000000000055e+03
1.438700000000000045e+03
1.443710000000000036e+03
1.448720000000000027e+03
1.453720000000000027e+03
1.458730000000000018e+03
1.463740000000000009e+03
1.468750000000000000e+03
1.473759999999999991e+03
1.478769999999999982e+03
1.483779999999999973e+03
1.488779999999999973e+03
1.493789999999999964e+03
1.498799999999999955e+03
1.503809999999999945e+03
1.508819999999999936e+03
1.513829999999999927e+03
1.518839999999999918e+03
1.523849999999999909e+03
1.528849999999999909e+03
1.533859999999999900e+03
1.538869999999999891e+03
1.543880000000000109e+03
1.548890000000000100e+03
1.553900000000000091e+03
1.558910000000000082e+03
1.563910000000000082e+03
1.568920000000000073e+03
1.573930000000000064e+03
1.578940000000000055e+03
1.583950000000000045e+03
1.588960000000000036e+03
1.593970000000000027e+03
1.598980000000000018e+03
1.603980000000000018e+03
1.608990000000000009e+03
1.614000000000000000e+03
1.619009999999999991e+03
1.624019999999999982e+03
1.629029999999999973e+03
1.634039999999999964e+03
1.639039999999999964e+03
1.644049999999999955e+03
1.649059999999999945e+03
1.654069999999999936e+03
1.659079999999999927e+03
1.664089999999999918e+03
1.669099999999999909e+03
1.674109999999999900e+03
1.679109999999999900e+03
1.684119999999999891e+03
1.689130000000000109e+03
1.694140000000000100e+03
1.699150000000000091e+03
1.704160000000000082e+03
1.709170000000000073e+03
1.714170000000000073e+03
1.719180000000000064e+03
1.724190000000000055e+03
1.729200000000000045e+03
1.734210000000000036e+03
1.739220000000000027e+03
1.744230000000000018e+03
1.749240000000000009e+03
1.754240000000000009e+03
1.759250000000000000e+03
1.764259999999999991e+03
1.769269999999999982e+03
1.774279999999999973e+03
1.779289999999999964e+03
1.784299999999999955e+03
1.789299999999999955e+03
1.794309999999999945e+03
1.799319999999999936e+03
1.804329999999999927e+03
1.809339999999999918e+03
1.814349999999999909e+03
1.819359999999999900e+03
1.824369999999999891e+03
1.829369999999999891e+03
1.834380000000000109e+03
1.839390000000000100e+03
1.844400000000000091e+03
1.849410000000000082e+03
1.854420000000000073e+03
1.859430000000000064e+03
1.864440000000000055e+03
1.869440000000000055e+03
1.874450000000000045e+03
1.879460000000000036e+03
1.884470000000000027e+03
1.889480000000000018e+03
1.894490000000000009e+03
1.899500000000000000e+03
1.904500000000000000e+03
1.909509999999999991e+03
1.914519999999999982e+03
1.919529999999999973e+03
1.924539999999999964e+03
1.929549999999999955e+03
1.934559999999999945e+03
1.939569999999999936e+03
1.944569999999999936e+03
1.949579999999999927e+03
1.954589999999999918e+03
1.959599999999999909e+03
1.964609999999999900e+03
1.969619999999999891e+03
1.974630000000000109e+03
1.979630000000000109e+03
1.984640000000000100e+03
1.989650000000000091e+03
1.994660000000000082e+03
1.999670000000000073e+03
2.004680000000000064e+03
2.009690000000000055e+03
2.014700000000000045e+03
2.019700000000000045e+03
2.024710000000000036e+03
2.029720000000000027e+03
2.034730000000000018e+03
2.039740000000000009e+03
2.044750000000000000e+03
2.049760000000000218e+03
2.054760000000000218e+03
2.059769999999999982e+03
2.064780000000000200e+03
2.069789999999999964e+03
2.074800000000000182e+03
2.079809999999999945e+03
2.084820000000000164e+03
2.089829999999999927e+03
2.094829999999999927e+03
2.099840000000000146e+03
2.104849999999999909e+03
2.109860000000000127e+03
2.114869999999999891e+03
2.119880000000000109e+03
2.124889999999999873e+03
2.129889999999999873e+03
2.134900000000000091e+03
2.139909999999999854e+03
2.144920000000000073e+03
2.149929999999999836e+03
2.154940000000000055e+03
2.159949999999999818e+03
2.164960000000000036e+03
2.169960000000000036e+03
2.174969999999999800e+03
2.179980000000000018e+03
2.184989999999999782e+03
2.190000000000000000e+03
2.195010000000000218e+03
2.200019999999999982e+03
2.205019999999999982e+03
2.210030000000000200e+03
2.215039999999999964e+03
2.220050000000000182e+03
2.225059999999999945e+03
2.230070000000000164e+03
2.235079999999999927e+03
2.240090000000000146e+03
2.245090000000000146e+03
2.250099999999999909e+03
2.255110000000000127e+03
2.260119999999999891e+03
2.265130000000000109e+03
2.270139999999999873e+03
2.275150000000000091e+03
2.280150000000000091e+03
2.285159999999999854e+03
2.290170000000000073e+03
2.295179999999999836e+03
2.300190000000000055e+03
2.305199999999999818e+03
2.310210000000000036e+03
2.315219999999999800e+03
2.320219999999999800e+03
2.325230000000000018e+03
2.330239999999999782e+03
2.335250000000000000e+03
2.340260000000000218e+03
2.345269999999999982e+03
2.350280000000000200e+03
2.355280000000000200e+03
2.360289999999999964e+03
2.365300000000000182e+03
2.370309999999999945e+03
2.375320000000000164e+03
2.380329999999999927e+03
2.385340000000000146e+03
2.390349999999999909e+03
2.395349999999999909e+03
2.400360000000000127e+03
2.405369999999999891e+03
2.410380000000000109e+03
2.415389999999999873e+03
2.420400000000000091e+03
2.425409999999999854e+03
2.430409999999999854e+03
2.435420000000000073e+03
2.440429999999999836e+03
2.445440000000000055e+03
2.450449999999999818e+03
2.455460000000000036e+03
2.460469999999999800e+03
2.465480000000000018e+03
2.470480000000000018e+03
2.475489999999999782e+03
2.480500000000000000e+03
2.485510000000000218e+03
2.490519999999999982e+03
2.495530000000000200e+03
2.500539999999999964e+03
