380
384.99997
389.99994
394.99997
399.99994
404.99997
409.99994
415
419.99994
424.99997
429.99994
434.99997
439.99997
444.99982
449.99997
454.99991
460
464.99994
469.99988
474.99991
480.00012
484.99985
490
494.99988
500
504.99988
510.00003
515
520.00006
525.00018
530
535.00006
539.99988
545.00006
550
555
560.00006
565.00006
570.00012
574.99994
580
584.99994
590.00006
595
600
605
610.00012
615.00018
620.00012
625.00006
630.00012
635.00006
640
645.00012
650
655.00012
660.00012
665.00006
670
675.00006
680.00006
685.00006
690
695
700.00006
705.00018
710.00006
714.99994
720.00018
725.00012
730.00006
734.99988
740.00006
745.00018
750
754.99994
760.00012
765.00006
770
774.99994
780
785
790
795
800
805.00012
810
814.99994
820
825.00006
830.00006
835
840.00006
845
850
854.99994
860
865.00006
870.00018
875.00024
880.00006
884.99988
890.00006
895.00018
900.00012
905.00018
909.99994
914.99994
920.00012
924.99994
929.99988
935.00012
939.99988
945.00012
950.00006
955
960.00006
965.00006
969.99982
975.00018
980.00018
985.00006
990
994.99982
1000.00006
1005.00012
1010.00018
1015.00018
1019.99994
1024.99976
1029.99988
1034.99988
1040.00024
1045.00024
1049.99988
1054.99988
1060.00012
1064.99988
1069.99951
1075
1079.99988
1085.00012
1090
1094.99988
1099.99988
1104.99988
1109.99976
1115
1119.99988
1125
1130
1135.00024
1140
1145
1149.99988
1155.00024
1160
1164.99988
1169.99988
1174.99963
1180
1184.99976
1190.00024
1194.99963
1199.99988
1204.99951
1210.00012
1215.00024
1219.99988
1224.99988
1229.99988
1235.00012
1240.00012
1245.00012
1249.99988
1255.00012
1260.00037
1265.00012
1270
1274.99976
1279.99951
1285
1290.00012
1294.99988
1300
1305.00012
1309.99988
1315
1320
1324.99988
1329.99988
1335
1339.99963
1345
1350
1355
1359.99976
1365.00012
1370
1374.99988
1380
1385.00012
1390.00012
1395.00012
1400.00037
1404.99976
1410
1414.99988
1420.00012
1425.00012
1430.00024
1434.99976
1440.00024
1445.00012
1450
1454.99976
1459.99963
1465.00012
1469.99988
1475
1480
1485
1490.00012
1495
1499.99976
1505
1509.99963
1515
1520
1525
1529.99988
1535
1539.99951
1545
1549.99976
1555
1559.99976
1564.99988
1570
1575.00012
1580.00037
1585.00012
1590.00024
1594.99988
1600
1604.99963
1609.99976
1615.00012
1620.00012
1625.00012
1630.00012
1635.00012
1640.00012
1645.00024
1649.99976
1655
1659.99988
1665.00012
1669.99988
1674.99976
1679.99976
1685.00012
1690.00024
1694.99988
1699.99976
1704.99988
1709.99988
1714.99963
1719.99951
1724.99988
1730
1734.99976
1739.99976
1744.99988
1750
1755.00012
1759.99988
1764.99988
1770
1774.99976
1780.00012
1785
1790.00037
1795.00012
1799.99988
1805.00037
1809.99951
1815.00024
1820
1824.99976
1829.99963
1835
1840.00012
1845.00037
1849.99988
1855.00024
1859.99951
1864.99988
1869.99939
1874.99939
1880.00012
1885.00049
1890.00024
1895
1900.00024
1904.99988
1909.99976
1915.00037
1919.99963
1924.99963
1930.00012
1935.00049
1939.99939
1944.99976
1950.00037
1954.99963
1959.99976
1965
1969.99988
1975
1979.99915
1984.99988
1989.99963
1995.00061
1999.99951
2005.00024
2010.00024
2015.00012
2019.99988
2024.99988
2029.99976
2035
2039.99963
2044.99988
2050.00049
2055.00049
2059.99976
2065.00024
2069.99951
2075
2080.00049
2085
2089.99927
2095
2099.99927
2104.99976
2109.99951
2114.99976
2119.99951
2125.00024
2129.99976
2135.00049
2139.99927
2145
2149.99951
2155
2160
2164.99927
2169.99951
2175
2180.00024
2184.99951
2189.99976
2195
2199.99951
2204.99927
2210.00024
2214.99951
2219.99951
2224.99927
2229.99976
2234.99902
2239.99976
2245
2249.99976
2254.99951
2259.99927
2264.99976
2269.99927
2274.99902
2279.99902
2284.99976
2289.99927
2294.99902
2299.99927
2304.99976
2309.99976
2314.99951
2319.99976
2324.99951
2329.99951
2334.99951
2339.99976
2344.99951
2349.99927
2354.99951
2359.99927
2364.99951
2369.99976
2374.99951
2379.99976
2385
2389.99878
2394.99951
2400
2405.00024
2409.99951
2414.99976
2420.00024
2424.99976
2429.99927
2434.99951
2440
2444.99976
2449.99927
2454.99927
2459.99976
2464.99951
2469.99927
2475.00024
2480.00049
2484.99976
2490
2495
2499.99976
2504.99927