380.00006
386.00009
392.00006
398.00003
404
410.00009
416.00015
422.00018
428.00003
434.00006
440.00006
446.00003
452.00006
458.00009
464.00009
470.00006
476.00012
482.00015
488.00015
494.00012
499.99991
505.99991
511.99994
518.00012
524
530.00006
536.00006
541.99994
548
554.00006
560.00012
565.99994
572.00012
578
584
589.99988
595.99994
601.99994
607.99994
614
619.99994
625.99994
631.99994
638.00006
644
650
655.99982
662.00012
667.99994
673.99988
680.00012
685.99988
692
698
704
709.99994
716.00006
721.99976
727.99994
733.99994
739.99988
745.99988
752.00006
758.00006
764.00012
770.00012
776.00018
782.00006
788.00006
794.00006
800
805.99988
812
817.99988
824
830.00006
836.00006
841.99988
847.99988
853.99976
860
865.99988
872
878.00006
884
890.00006
895.99994
902.00006
908.00006
913.99994
920.00018
926.00006
932.00012
938
944.00012
949.99982
956.00006
962
968.00018
973.99988
980
985.99994
992.00012
998.00012
1004.00018
1009.99988
1016
1022.00006
1028
1034.00012
1040
1045.99988
1051.99988
1058
1064.00012
1069.99988
1076.00012
1081.99976
1087.99963
1093.99976
1099.99976
1105.99988
1112.00024
1118.00012
1123.99988
1129.99988
1135.99963
1141.99976
1147.99976
1153.99976
1160
1165.99963
1172.00037
1177.99988
1183.99988
1189.99963
1196.00024
1201.99976
1208
1213.99988
1220.00024
1225.99963
1232
1237.99976
1243.99988
1249.99976
1256
1262.00012
1268.00012
1274.00012
1279.99976
1285.99976
1291.99988
1298.00012
1304
1309.99988
1315.99951
1321.99976
1328
1334.00012
1340
1345.99976
1352
1358
1364
1370.00012
1376.00049
1382.00024
1388
1394
1400.00012
1406.00024
1412
1418.00024
1423.99988
1430
1436.00012
1442
1447.99976
1454.00024
1459.99976
1466.00024
1472.00012
1478
1484.00012
1490
1495.99951
1501.99976
1508
1514
1520.00012
1525.99976
1531.99976
1538.00012
1543.99976
1550
1555.99951
1562.00037
1568.00012
1573.99988
1579.99988
1586.00012
1591.99988
1597.99988
1603.99988
1610.00012
1616.00024
1622.00024
1627.99963
1634
1640.00012
1646.00024
1651.99951
1658.00012
1663.99988
1669.99976
1675.99951
1682
1688
1694.00024
1700
1706
1712.00012
1718
1723.99988
1730
1735.99988
1741.99988
1748.00024
1754.00012
1759.99963
1766
1771.99988
1778.00024
1783.99963
1790.00024
1796
1802.00037
1807.99988
1814.00012
1820
1826.00012
1831.99963
1837.99988
1844.00012
1850.00024
1856.00012
1862
1867.99976
1873.99976
1879.99976
1886.00012
1891.99988
1898.00012
1904.00012
1910
1916
1922.00024
1927.99988
1933.99963
1939.99976
1945.99963
1952
1958.00024
1963.99988
1969.99988
1975.99988
1982.00012
1987.99988
1993.99988
1999.99976
2006
2011.99988
2017.99976
2024
2030.00024
2036.00012
2042.00073
2048.00024
2054.00049
2059.99976
2065.99951
2072.00024
2078.00049
2083.99976
2090.00024
2096.00024
2101.99976
2108.00024
2114.00049
2120
2126.00024
2131.99976
2138.00024
2144.00024
2150.00024
2156
2161.99976
2168.00024
2173.99976
2180
2185.99976
2192.00049
2197.99951
2203.99951
2210.00049
2215.99976
2222.00024
2228.00024
2234
2240.00049
2246.00024
2252.00024
2258
2264.00024
2270.00073
2276
2282.00098
2287.99951
2294
2300.00073
2306
2311.99951
2318.00024
2324.00073
2330.00049
2336.00024
2342.00024
2348.00049
2354.00049
2359.99976
2366
2372
2377.99951
2384
2389.99976
2396
2402
2408
2414.00024
2420.00024
2426
2431.99976
2437.99951
2444.00024
2450.00073
2455.99976
2462.00049
2467.99976
2474
2479.99951
2486
2492.00049
2498