4.026967000000000212e+02
4.115783000000000129e+02
4.196288999999999874e+02
4.272316299999999956e+02
4.345825199999999882e+02
4.419479699999999980e+02
4.493375199999999836e+02
4.566879000000000133e+02
4.640169700000000148e+02
4.712620999999999754e+02
4.785001500000000192e+02
4.857461200000000190e+02
4.930631700000000137e+02
5.005139199999999846e+02
5.080519699999999830e+02
5.156036400000000413e+02
5.233541999999999916e+02
5.311105300000000398e+02
5.389425999999999704e+02
5.469292599999999993e+02
5.550224600000000237e+02
5.632038000000000011e+02
5.714761399999999867e+02
5.798360599999999749e+02
5.883280999999999494e+02
5.970007299999999759e+02
6.059261000000000195e+02
6.147132599999999911e+02
6.237471299999999701e+02
6.326750500000000557e+02
6.419194300000000339e+02
6.513825699999999870e+02
6.608586400000000367e+02
6.704203499999999849e+02
6.800987499999999955e+02
6.900529000000000224e+02
6.997059299999999666e+02
7.096579600000000028e+02
7.198089999999999691e+02
7.298874499999999443e+02
7.400800000000000409e+02
7.503955999999999449e+02
7.607716000000000349e+02
7.711979999999999791e+02
7.815802999999999656e+02
7.920403000000000020e+02
8.026195699999999533e+02
8.132237999999999829e+02
8.238287000000000262e+02
8.344363399999999729e+02
8.451192999999999529e+02
8.558750599999999622e+02
8.666443500000000313e+02
8.773373400000000402e+02
8.879701999999999771e+02
8.986807000000000016e+02
9.093319999999999936e+02
9.198395000000000437e+02
9.300230000000000246e+02
9.431930999999999585e+02
9.512205999999999904e+02
9.597922999999999547e+02
9.696062600000000202e+02
9.787827999999999520e+02
9.884965999999999440e+02
9.986164999999999736e+02
1.008405999999999949e+03
1.018300399999999968e+03
1.029090500000000020e+03
1.038289600000000064e+03
1.047976100000000088e+03
1.057942399999999907e+03
1.068176099999999906e+03
1.078622800000000097e+03
1.089160000000000082e+03
1.099685899999999947e+03
1.110337800000000016e+03
1.121079199999999901e+03
1.131746499999999969e+03
1.142435199999999895e+03
1.153064300000000003e+03
1.164096999999999980e+03
1.175138200000000097e+03
1.185970299999999952e+03
1.196763300000000072e+03
1.207666500000000042e+03
1.218292699999999968e+03
1.229554900000000089e+03
1.240638300000000072e+03
1.251420200000000023e+03
1.262932299999999941e+03
1.273880499999999984e+03
1.284824100000000044e+03
1.295719800000000077e+03
1.306562300000000050e+03
1.317543499999999995e+03
1.328610500000000002e+03
1.339465099999999893e+03
1.350109600000000000e+03
1.361403299999999945e+03
1.373192900000000009e+03
1.383593399999999974e+03
1.394994400000000041e+03
1.405838999999999942e+03
1.416772500000000036e+03
1.427533699999999953e+03
1.438586499999999887e+03
1.449327099999999973e+03
1.459482899999999972e+03
1.470100200000000086e+03
1.481062300000000050e+03
1.491604599999999891e+03
1.502174700000000030e+03
1.512799299999999903e+03
1.523381699999999910e+03
1.533943400000000111e+03
1.544417500000000018e+03
1.554947499999999991e+03
1.565453700000000026e+03
1.575735799999999927e+03
1.585989499999999907e+03
1.596313799999999901e+03
1.606571699999999964e+03
1.616934400000000096e+03
1.627109899999999925e+03
1.637131599999999935e+03
1.647276900000000069e+03
1.657010700000000043e+03
1.667175500000000056e+03
1.677378999999999905e+03
1.687406700000000001e+03
1.697282999999999902e+03
1.707101000000000113e+03
1.716879500000000007e+03
1.726647999999999911e+03
1.736446999999999889e+03
1.746179599999999937e+03
1.755842200000000048e+03
1.765510299999999916e+03
1.775099699999999984e+03
1.784643900000000031e+03
1.793954799999999977e+03
1.803567999999999984e+03
1.812994999999999891e+03
1.822367999999999938e+03
1.831938100000000077e+03
1.841246000000000095e+03
1.850516699999999901e+03
1.859552400000000034e+03
1.868198000000000093e+03
1.878546800000000076e+03
1.887012600000000020e+03
1.895943099999999959e+03
1.904807900000000018e+03
1.914221999999999980e+03
1.923254799999999932e+03
1.932131699999999910e+03
1.940997299999999996e+03
1.949784300000000030e+03
1.958505100000000084e+03
1.967204600000000028e+03
1.975897999999999911e+03
1.984655799999999999e+03
1.993361100000000079e+03
2.001954799999999977e+03
2.010526100000000042e+03
2.019163600000000088e+03
2.027606899999999996e+03
2.036107700000000023e+03
2.044526900000000069e+03
2.052884300000000167e+03
2.061233400000000074e+03
2.069633499999999913e+03
2.077860400000000027e+03
2.086217000000000098e+03
2.094495399999999790e+03
2.102636199999999917e+03
2.110880900000000111e+03
2.119059799999999996e+03
2.127183599999999842e+03
2.135310800000000199e+03
2.143284200000000055e+03
2.151193800000000010e+03
2.159364000000000033e+03
2.167302999999999884e+03
2.175157200000000103e+03
2.183211699999999837e+03
2.190902599999999893e+03
2.198928199999999833e+03
2.206648400000000038e+03
2.214406700000000001e+03
2.222215999999999894e+03
2.229811000000000149e+03
2.237690399999999954e+03
2.245262499999999818e+03
2.252902799999999843e+03
2.260647699999999986e+03
2.268085000000000036e+03
2.275810500000000047e+03
2.283262999999999920e+03
2.290606000000000222e+03
2.298339399999999841e+03
2.305499499999999898e+03
2.312937500000000000e+03
2.320628999999999905e+03
2.327598399999999856e+03
2.335230199999999968e+03
2.342593499999999949e+03
2.349563500000000204e+03
2.357031199999999899e+03
2.364356000000000222e+03
2.371330599999999777e+03
2.378510999999999967e+03
2.385802999999999884e+03
2.392819599999999809e+03
2.399799599999999828e+03
2.407315399999999954e+03
2.414139599999999973e+03
2.420972000000000207e+03
2.428401600000000144e+03
2.435283699999999953e+03
2.442131300000000010e+03
2.448869400000000041e+03
2.456268999999999778e+03
2.462780299999999897e+03
2.469376499999999851e+03
2.476714800000000196e+03
2.483514599999999973e+03
2.489961200000000190e+03
2.496826000000000022e+03
